NH1_01_010101	23,1,1	12,1,1	8,1,1	您反映的问题，我们将在48小时内核查解决并回复您。
NH1_01_010102	23,1,1	12,1,1	8,1,1	您反映的问题，我们将在48小时内核查解决并回复您。
NH1_01_010103	23,1,1	12,1,1	8,1,1	您反映的问题，我们将在48小时内核查解决并回复您。
NH1_01_010104	23,1,1	12,1,1	8,1,1	您反映的问题，我们将在48小时内核查解决并回复您。
NH1_01_010105	23,1,1	12,1,1	8,1,1	您反映的问题，我们将在48小时内核查解决并回复您。
NH1_01_010106	23,1,1	12,1,1	8,1,1	您反映的问题，我们将在48小时内核查解决并回复您。
NH1_01_010107	23,1,1	12,1,1	8,1,1	您反映的问题，我们将在48小时内核查解决并回复您。
NH1_01_010108	23,1,1	12,1,1	8,1,1	您反映的问题，我们将在48小时内核查解决并回复您。
NH1_01_010201	23,1,1	12,1,1	8,1,1	您反映的问题，我们将在48小时内核查解决并回复您。
NH1_01_010202	23,1,1	12,1,1	8,1,1	您反映的问题，我们将在48小时内核查解决并回复您。
NH1_01_010203	23,1,1	12,1,1	8,1,1	您反映的问题，我们将在48小时内核查解决并回复您。
NH1_01_010204	23,1,1	12,1,1	8,1,1	您反映的问题，我们将在48小时内核查解决并回复您。
NH1_01_010205	23,1,1	12,1,1	8,1,1	您反映的问题，我们将在48小时内核查解决并回复您。
NH1_01_010206	23,1,1	12,1,1	8,1,1	您反映的问题，我们将在48小时内核查解决并回复您。
NH1_01_010207	23,1,1	12,1,1	8,1,1	您反映的问题，我们将在48小时内核查解决并回复您。
NH1_01_010208	23,1,1	12,1,1	8,1,1	您反映的问题，我们将在48小时内核查解决并回复您。
NH1_01_010209	23,1,1	12,1,1	8,1,1	您反映的问题，我们将在48小时内核查解决并回复您。
NH1_01_020101	23,1,1	12,1,1	8,1,1	您反映的问题，我们将在48小时内核查解决并回复您。
NH1_01_020102	23,1,1	12,1,1	8,1,1	您反映的问题，我们将在48小时内核查解决并回复您。
NH1_01_020103	23,1,1	12,1,1	8,1,1	您反映的问题，我们将在48小时内核查解决并回复您。
NH1_01_020104	23,1,1	12,1,1	8,1,1	您反映的问题，我们将在48小时内核查解决并回复您。
NH1_01_020105	23,1,1	12,1,1	8,1,1	您反映的问题，我们将在48小时内核查解决并回复您。
NH1_01_020106	23,1,1	12,1,1	8,1,1	您反映的问题，我们将在48小时内核查解决并回复您。
NH1_01_02020101	12,1,1	8,1,1	5,0.5,0.5	您反映的问题，我们将在24小时内核查解决并回复您。
NH1_01_02020102	12,1,1	8,1,1	5,0.5,0.5	您反映的问题，我们将在24小时内核查解决并回复您。
NH1_01_02020103	12,1,1	8,1,1	5,0.5,0.5	您反映的问题，我们将在24小时内核查解决并回复您。
NH1_01_02020201	12,1,1	8,1,1	5,0.5,0.5	您反映的问题，我们将在24小时内核查解决并回复您。
NH1_01_02020202	12,1,1	8,1,1	5,0.5,0.5	您反映的问题，我们将在24小时内核查解决并回复您。
NH1_01_02020203	12,1,1	8,1,1	5,0.5,0.5	您反映的问题，我们将在24小时内核查解决并回复您。
NH1_01_02020204	12,1,1	8,1,1	5,0.5,0.5	您反映的问题，我们将在24小时内核查解决并回复您。
NH1_01_02020301	12,1,1	8,1,1	5,0.5,0.5	您反映的问题，我们将在24小时内核查解决并回复您。
NH1_01_02020302	12,1,1	8,1,1	5,0.5,0.5	您反映的问题，我们将在24小时内核查解决并回复您。
NH1_01_02020303	12,1,1	8,1,1	5,0.5,0.5	您反映的问题，我们将在24小时内核查解决并回复您。
NH1_01_02020304	12,1,1	8,1,1	5,0.5,0.5	您反映的问题，我们将在24小时内核查解决并回复您。
NH1_01_02020305	12,1,1	8,1,1	5,0.5,0.5	您反映的问题，我们将在24小时内核查解决并回复您。
NH1_01_02020401	34,1,1	23,1,1	12,1,1	您反映的问题，我们将在72小时内核查解决并回复您。
NH1_01_02020402	34,1,1	23,1,1	12,1,1	您反映的问题，我们将在72小时内核查解决并回复您。
NH1_01_02020403	34,1,1	23,1,1	12,1,1	您反映的问题，我们将在72小时内核查解决并回复您。
NH1_01_02020404	34,1,1	23,1,1	12,1,1	您反映的问题，我们将在72小时内核查解决并回复您。
NH1_01_02020501	12,1,1	8,1,1	5,0.5,0.5	您反映的问题，我们将在24小时内核查解决并回复您。
NH1_01_02020502	12,1,1	8,0.5,0.5	5,0.5,0.5	您反映的问题，我们将在24小时内核查解决并回复您。
NH1_01_02020503	12,1,1	8,0.5,0.5	5,0.5,0.5	您反映的问题，我们将在24小时内核查解决并回复您。
NH1_01_020301	12,1,1	8,1,1	5,0.5,0.5	您反映的问题，我们将在24小时内核查解决并回复您。
NH1_01_020302	4,1,1	3,0.5,0.5	2,0.5,0.5	您反映的问题，我们将在16小时内核查解决并回复您。
NH1_01_020303	12,1,1	8,1,1	5,0.5,0.5	您反映的问题，我们将在24小时内核查解决并回复您。
NH1_01_020304	12,1,1	8,1,1	5,0.5,0.5	您反映的问题，我们将在24小时内核查解决并回复您。
NH1_01_0204	12,1,1	8,1,1	5,0.5,0.5	您反映的问题，我们将在24小时内核查解决并回复您。
NH1_01_03010101	23,1,1	12,1,1	8,1,1	您反映的问题，我们将在48小时内核查解决并回复您。
NH1_01_03010102	23,1,1	12,1,1	8,1,1	您反映的问题，我们将在48小时内核查解决并回复您。
NH1_01_03010103	23,1,1	12,1,1	8,1,1	您反映的问题，我们将在48小时内核查解决并回复您。
NH1_01_030102	23,1,1	12,1,1	8,1,1	您反映的问题，我们将在48小时内核查解决并回复您。
NH1_01_030103	23,1,1	12,1,1	8,1,1	您反映的问题，我们将在48小时内核查解决并回复您。
NH1_01_030104	23,1,1	12,1,1	8,1,1	您反映的问题，我们将在48小时内核查解决并回复您。
NH1_01_030105	23,1,1	12,1,1	8,1,1	您反映的问题，我们将在48小时内核查解决并回复您。
NH1_01_030106	23,1,1	12,1,1	8,1,1	您反映的问题，我们将在48小时内核查解决并回复您。
NH1_01_030107	23,1,1	12,1,1	8,1,1	您反映的问题，我们将在48小时内核查解决并回复您。
NH1_01_03020101	4,1,1	3,0.5,0.5	2,0.5,0.5	您反映的问题，我们将在16小时内核查解决并回复您。
NH1_01_03020102	23,1,1	12,1,1	8,1,1	您反映的问题，我们将在48小时内核查解决并回复您。
NH1_01_03020103	23,1,1	12,1,1	8,1,2	您反映的问题，我们将在48小时内核查解决并回复您。
NH1_01_03020104	23,1,1	12,1,1	8,1,3	您反映的问题，我们将在48小时内核查解决并回复您。
NH1_01_03020105	23,1,1	12,1,1	8,1,4	您反映的问题，我们将在48小时内核查解决并回复您。
NH1_01_03020201	23,1,1	12,1,1	8,1,5	您反映的问题，我们将在48小时内核查解决并回复您。
NH1_01_03020202	23,1,1	12,1,1	8,1,6	您反映的问题，我们将在48小时内核查解决并回复您。
NH1_01_03020203	23,1,1	12,1,1	8,1,7	您反映的问题，我们将在48小时内核查解决并回复您。
NH1_01_03020204	23,1,1	12,1,1	8,1,8	您反映的问题，我们将在48小时内核查解决并回复您。
NH1_01_030203	23,1,1	12,1,1	8,1,9	您反映的问题，我们将在48小时内核查解决并回复您。
NH1_01_03030101	23,1,1	12,1,1	8,1,10	您反映的问题，我们将在48小时内核查解决并回复您。
NH1_01_03030102	23,1,1	12,1,1	8,1,11	您反映的问题，我们将在48小时内核查解决并回复您。
NH1_01_03030103	23,1,1	12,1,1	8,1,12	您反映的问题，我们将在48小时内核查解决并回复您。
NH1_01_03030104	23,1,1	12,1,1	8,1,13	您反映的问题，我们将在48小时内核查解决并回复您。
NH1_01_03030201	12,1,1	8,1,1	5,0.5,0.5	您反映的问题，我们将在16小时内核查解决并回复您。
NH1_01_03030202	4,1,1	3,0.5,0.5	2,0.5,0.5	您反映的问题，我们将在16小时内核查解决并回复您。
NH1_01_03030203	12,1,1	8,1,1	5,0.5,0.5	您反映的问题，我们将在24小时内核查解决并回复您。
NH1_01_03030204	12,1,1	8,1,2	5,0.5,0.5	您反映的问题，我们将在24小时内核查解决并回复您。
NH1_01_03030205	12,1,1	8,1,3	5,0.5,0.5	您反映的问题，我们将在24小时内核查解决并回复您。
NH1_01_03030206	12,1,1	8,1,4	5,0.5,0.5	您反映的问题，我们将在24小时内核查解决并回复您。
NH1_01_03030301	12,1,1	8,1,5	5,0.5,0.5	您反映的问题，我们将在24小时内核查解决并回复您。
NH1_01_03030302	12,1,1	8,1,6	5,0.5,0.5	您反映的问题，我们将在24小时内核查解决并回复您。
NH1_01_03030303	12,1,1	8,1,7	5,0.5,0.5	您反映的问题，我们将在24小时内核查解决并回复您。
NH1_01_03030304	12,1,1	8,1,8	5,0.5,0.5	您反映的问题，我们将在24小时内核查解决并回复您。
NH1_01_03030305	12,1,1	8,1,9	5,0.5,0.5	您反映的问题，我们将在24小时内核查解决并回复您。
NH1_01_03030306	12,1,1	8,1,10	5,0.5,0.5	您反映的问题，我们将在24小时内核查解决并回复您。
NH1_01_030304	12,1,1	8,1,11	5,0.5,0.5	您反映的问题，我们将在24小时内核查解决并回复您。
NH1_01_030401	12,1,1	8,1,12	5,0.5,0.5	您反映的问题，我们将在24小时内核查解决并回复您。
NH1_01_030402	12,1,1	8,1,13	5,0.5,0.5	您反映的问题，我们将在24小时内核查解决并回复您。
NH1_01_030403	4,1,1	3,0.5,0.5	2,0.5,0.5	您反映的问题，我们将在16小时内核查解决并回复您。
NH1_01_030404	12,1,1	8,1,1	5,0.5,0.5	您反映的问题，我们将在24小时内核查解决并回复您。
NH1_01_030405	2,0.5,0.5	1.5,0.25,0.25	1,0.25,0.25	您反映的问题，我们将在14小时内核查解决并回复您。
NH1_01_030406	12,1,1	8,1,1	5,0.5,0.5	您反映的问题，我们将在24小时内核查解决并回复您。
NH1_01_030407	12,1,1	8,1,1	5,0.5,0.5	您反映的问题，我们将在24小时内核查解决并回复您。
NH1_01_030408	12,1,1	8,1,1	5,0.5,0.5	您反映的问题，我们将在24小时内核查解决并回复您。
NH1_01_030409	12,1,1	8,1,1	5,0.5,0.5	您反映的问题，我们将在24小时内核查解决并回复您。
NH1_01_030410	12,1,1	8,1,1	5,0.5,0.5	您反映的问题，我们将在24小时内核查解决并回复您。
NH1_01_030411	12,1,1	8,1,1	5,0.5,0.5	您反映的问题，我们将在24小时内核查解决并回复您。
NH1_01_030412	12,1,1	8,1,1	5,0.5,0.5	您反映的问题，我们将在24小时内核查解决并回复您。
NH1_01_030413	12,1,1	8,1,1	5,0.5,0.5	您反映的问题，我们将在24小时内核查解决并回复您。
NH1_01_030501	4,1,1	3,0.5,0.5	2,0.5,0.5	您反映的问题，我们将在16小时内核查解决并回复您。
NH1_01_030502	2,0.5,0.5	1.5,0.25,0.25	1,0.25,0.25	您反映的问题，我们将在14小时内核查解决并回复您。
NH1_01_03050301	4,1,1	3,0.5,0.5	2,0.5,0.5	您反映的问题，我们将在16小时内核查解决并回复您。
NH1_01_03050302	12,1,1	8,1,1	5,0.5,0.5	您反映的问题，我们将在24小时内核查解决并回复您。
NH1_01_03050303	12,1,1	8,1,1	5,0.5,0.5	您反映的问题，我们将在24小时内核查解决并回复您。
NH1_01_03050304	12,1,1	8,1,1	5,0.5,0.5	您反映的问题，我们将在24小时内核查解决并回复您。
NH1_01_03050401	12,1,1	8,1,1	5,0.5,0.5	您反映的问题，我们将在24小时内核查解决并回复您。
NH1_01_03050402	12,1,1	8,1,1	5,0.5,0.5	您反映的问题，我们将在24小时内核查解决并回复您。
NH1_01_03050403	12,1,1	8,1,1	5,0.5,0.5	您反映的问题，我们将在24小时内核查解决并回复您。
NH1_01_03050404	12,1,1	8,1,1	5,0.5,0.5	您反映的问题，我们将在24小时内核查解决并回复您。
NH1_01_03050501	12,1,1	8,1,1	5,0.5,0.5	您反映的问题，我们将在24小时内核查解决并回复您。
NH1_01_03050502	12,1,1	8,1,1	5,0.5,0.5	您反映的问题，我们将在24小时内核查解决并回复您。
NH1_01_03050503	12,1,1	8,1,1	5,0.5,0.5	您反映的问题，我们将在24小时内核查解决并回复您。
NH1_01_03050504	12,1,1	8,1,1	5,0.5,0.5	您反映的问题，我们将在24小时内核查解决并回复您。
NH1_01_03050505	12,1,1	8,1,1	5,0.5,0.5	您反映的问题，我们将在24小时内核查解决并回复您。
NH1_01_030506	12,1,1	8,1,1	5,0.5,0.5	您反映的问题，我们将在24小时内核查解决并回复您。
NH1_01_03080101	12,1,1	8,1,1	5,0.5,0.5	您反映的问题，我们将在24小时内核查解决并回复您。
NH1_01_03080102	12,1,1	8,1,1	5,0.5,0.5	您反映的问题，我们将在24小时内核查解决并回复您。
NH1_01_03080103	12,1,1	8,1,1	5,0.5,0.5	您反映的问题，我们将在24小时内核查解决并回复您。
NH1_01_03080104	12,1,1	8,1,1	5,0.5,0.5	您反映的问题，我们将在24小时内核查解决并回复您。
NH1_01_03080105	12,1,1	8,1,1	5,0.5,0.5	您反映的问题，我们将在24小时内核查解决并回复您。
NH1_01_03080201	12,1,1	8,1,1	5,0.5,0.5	您反映的问题，我们将在24小时内核查解决并回复您。
NH1_01_03080202	12,1,1	8,1,1	5,0.5,0.5	您反映的问题，我们将在24小时内核查解决并回复您。
NH1_01_03080203	12,1,1	8,1,1	5,0.5,0.5	您反映的问题，我们将在24小时内核查解决并回复您。
NH1_01_03080204	12,1,1	8,1,1	5,0.5,0.5	您反映的问题，我们将在24小时内核查解决并回复您。
NH1_01_03080301	12,1,1	8,1,1	5,0.5,0.5	您反映的问题，我们将在24小时内核查解决并回复您。
NH1_01_03080302	12,1,1	8,1,1	5,0.5,0.5	您反映的问题，我们将在24小时内核查解决并回复您。
NH1_01_03080303	12,1,1	8,1,1	5,0.5,0.5	您反映的问题，我们将在24小时内核查解决并回复您。
NH1_01_03080304	12,1,1	8,1,1	5,0.5,0.5	您反映的问题，我们将在24小时内核查解决并回复您。
NH1_01_03080401	12,1,1	8,1,1	5,0.5,0.5	您反映的问题，我们将在24小时内核查解决并回复您。
NH1_01_03080402	12,1,1	8,1,1	5,0.5,0.5	您反映的问题，我们将在24小时内核查解决并回复您。
NH1_01_030805	12,1,1	8,1,1	5,0.5,0.5	您反映的问题，我们将在24小时内核查解决并回复您。
NH1_01_030601	16,1,1	10,1,1	5,0.5,0.5	您反映的问题，我们将在36小时内核查解决并回复您。
NH1_01_030602	16,1,1	10,1,1	5,0.5,0.5	您反映的问题，我们将在36小时内核查解决并回复您。
NH1_01_030603	16,1,1	10,1,1	5,0.5,0.5	您反映的问题，我们将在36小时内核查解决并回复您。
NH1_01_030604	16,1,1	10,1,1	5,0.5,0.5	您反映的问题，我们将在36小时内核查解决并回复您。
NH1_01_0307	16,1,1	10,1,1	5,0.5,0.5	您反映的问题，我们将在36小时内核查解决并回复您。