16
264405
269488
272579
291530
293119
294420
300639
311851
313225
314109
315713
321279
323217
333712
483906
645784
651232
820879
832863
838630
1201592
1220745
1238845
1246964
1296720
1299393
1341876
1345835
1359572
1378474
1378592
1383438
1389555
1395156
1410615
1412719
1416916
1420676
1422981
1425838
1428847
1430870
1431988
1434046
1435500
1448268
1449989
1457524
1459414
1463007
1465515
1465964
1466084
1466117
1466651
1468424
1469376
1470378
1475944
1477963
1479151
1483145
1491266
1492873
1494292
1496618
1505576
1505673
1514146
1515436
1518708
1519161
1520430
1525429
1527216
1528388
1531326
1533367
1535237
1535454
1536243
1537862
1545533
1546401
1547321
1549278
1549327
1553070
1555160
1556329
1559220
1559320
1560122
1564584
1565523
1566623
1567676
1569534
1569683
1569868
1570285
1572976
1575885
1578223
1580147
1580313
1581048
1581096
1584107
1584572
1586261
1589436
1589687
1591074
1591240
1593483
1593734
1594083
1595220
1596723
1597159
1598379
1598861
1599765
1601353
1601437
1603026
1603193
1605850
1605899
1607755
1611749
1612970
1613303
1613686
1614238
1614253
1614473
1615691
1616763
1617011
1617999
1618416
1618635
1618917
1619402
1619470
1622643
1623732
1624348
1624900
1627373
1629731
1631401
1633125
1633674
1634259
1634844
1636567
1637084
1637688
1638237
1638421
1638921
1640258
1642784
1644505
1645156
1646008
1648801
1652895
1654263
1654916
1655218
1655650
1656302
1658325
1658661
1660748
1661770
1666714
1667148
1667884
1667968
1671463
1671663
1676594
1676845
1676895
1677379
1680788
1684513
1684798
1684832
1685599
1687556
1688259
1688792
1689443
1691985
1692654
1698805
1698888
1701042
1702128
1704704
1708746
1710553
1712022
1712222
1713259
1713977
1719093
1726949
1727183
1727614
1730574
1736458
1739814
1739817
1743325
1743644
1747218
1775465
1784086
1801470
2218994
2402265
2422886
2467612
2484389
2488049
2997815
3032089
278200
290417
290603
290721
297521
307133
320750
335310
341092
347492
577136
643487
760440
824649
1209839
1272843
1280480
1290725
1292949
1296141
1318087
1353934
1360701
1369093
1369778
1373469
1376664
1384033
1388045
1388797
1400679
1401664
1403303
1408198
1409504
1409737
1411708
1422403
1422755
1424174
1439384
1440870
1441240
1446305
1447322
1454975
1456713
1459907
1460842
1464334
1470051
1476988
1480947
1485209
1486196
1488955
1494086
1501239
1501338
1503826
1503977
1509227
1515678
1515711
1519772
1519773
1521524
1522279
1522429
1522577
1523162
1524249
1525203
1527075
1530887
1533477
1536084
1537401
1537720
1542852
1542933
1543421
1543602
1547295
1547380
1547948
1552142
1553264
1554232
1556673
1560650
1560667
1563208
1567771
1569924
1570425
1571830
1573383
1573770
1575207
1575690
1575810
1576276
1578231
1579720
1586890
1588159
1591082
1591650
1592170
1592820
1594475
1596247
1596715
1597434
1597451
1598170
1601144
1604337
1604906
1605224
1605423
1605856
1607062
1610520
1611558
1611588
1611739
1612861
1613145
1615483
1618909
1621031
1621400
1624510
1624543
1625459
1625961
1626698
1628386
1628818
1630857
1635269
1635471
1635890
1637192
1637342
1637576
1638130
1638411
1643275
1643579
1646069
1647488
1650247
1650998
1651634
1651701
1652184
1652334
1652667
1652770
1652985
1654122
1655927
1656597
1660574
1660726
1660742
1662714
1663014
1663866
1664068
1665303
1667527
1667759
1671503
1671669
1671706
1672956
1674410
1675429
1680630
1681366
1681681
1681882
1682801
1683652
1684942
1685894
1689018
1689655
1690671
1691524
1692144
1692309
1692795
1694901
1695150
1695869
1700582
1703825
1706065
1708039
1708672
1709309
1715642
1716743
1718482
1721004
1721088
1722059
1722325
1726102
1727004
1727104
1732019
1745004
1752209
1765580
1766548
1775774
1832781
2059884
3256799
4464992
81583
278348
295485
298118
302471
304554
307903
314691
631691
654135
1249726
1260692
1309969
1351563
1374091
1378664
1386754
1388940
1392177
1395199
1401158
1403305
1408380
1411338
1415423
1416820
1417054
1418849
1420978
1424822
1424881
1428300
1430574
1444496
1444969
1445975
1451614
1455467
1458893
1459595
1471934
1477659
1491131
1493069
1495007
1508779
1508920
1509974
1512021
1515924
1516172
1517896
1518337
1518548
1518846
1519775
1523519
1524975
1526745
1527879
1527999
1528808
1528894
1531525
1531641
1532579
1533022
1533172
1534297
1534826
1535551
1535678
1537650
1539722
1540108
1541510
1543037
1545352
1547067
1548330
1549339
1549800
1551745
1552299
1554644
1557622
1557738
1558801
1558915
1558976
1562516
1563004
1564338
1565551
1566412
1566580
1567380
1567789
1570081
1570138
1571826
1572671
1573123
1574425
1574675
1575345
1575638
1576081
1577031
1577710
1578421
1578460
1580600
1581872
1582465
1583540
1584569
1586877
1589292
1591639
1592582
1592825
1594824
1595292
1595315
1599002
1599141
1599854
1601013
1601558
1601985
1602592
1602885
1604366
1604409
1604525
1607047
1609237
1609564
1609839
1610339
1610484
1610641
1612949
1615837
1616432
1619333
1619447
1620033
1620676
1621051
1622180
1622800
1624361
1625749
1625874
1626294
1626667
1626951
1627628
1628241
1628539
1629411
1630536
1631506
1631706
1632594
1633035
1633187
1633480
1635895
1636213
1637372
1639846
1643365
1643708
1644492
1644858
1647273
1647425
1649229
1650708
1651746
1651755
1652123
1653993
1658239
1658421
1658496
1660863
1661649
1662072
1662074
1663728
1670487
1673504
1673579
1675478
1675694
1676321
1676346
1676930
1677684
1677709
1678788
1679740
1679774
1679888
1679981
1680072
1680131
1680740
1681569
1685129
1691488
1691904
1692383
1692465
1694296
1698983
1700096
1701582
1703436
1704633
1706028
1707280
1707964
1714493
1715797
1717174
1717317
1718630
1718744
1722220
1724746
1726075
1727804
1731028
1734347
1734422
1734456
1735201
1736242
1740170
1741760
1741833
1744741
1746679
1751913
1755505
1761185
1780196
1790608
2072818
2416774
3
3218
260992
288366
292946
299414
309076
315224
317764
337525
337977
352692
648304
659350
661472
739511
742319
842404
1217330
1259251
1261475
1269347
1283060
1309275
1313969
1359945
1371354
1381707
1382959
1386828
1397438
1397940
1408018
1410260
1410703
1416365
1417153
1417805
1418680
1422508
1428199
1429092
1430089
1430387
1430984
1432679
1433138
1434092
1436480
1438827
1439222
1444895
1446926
1451086
1451740
1452540
1454603
1458281
1461784
1466646
1471846
1472987
1494772
1497816
1502621
1508912
1509598
1511904
1511952
1512679
1517761
1518679
1519665
1519801
1521639
1527312
1527489
1527662
1528014
1530406
1531549
1531842
1532492
1532962
1533498
1535568
1536288
1537558
1537606
1537840
1539437
1540032
1543531
1545335
1545539
1550403
1550494
1550603
1552048
1552473
1557119
1558339
1558907
1558909
1559366
1560745
1566059
1566145
1567095
1568844
1569764
1570432
1571266
1572697
1575069
1576516
1578045
1579565
1583332
1583727
1584234
1585947
1587385
1593083
1593192
1593328
1593546
1594014
1595439
1595618
1596802
1596920
1598156
1599167
1600196
1601100
1601464
1601716
1601875
1603320
1604006
1605283
1605419
1606782
1607189
1608952
1609304
1609504
1611108
1611737
1612546
1613057
1613798
1615454
1616358
1616667
1618337
1618528
1618948
1621329
1621463
1621829
1623551
1624128
1625764
1626618
1627152
1627227
1628072
1629165
1629385
1630703
1632243
1636571
1637180
1639529
1643246
1643782
1644064
1644350
1645418
1645493
1646374
1651463
1651672
1653097
1654151
1654494
1658672
1661278
1663170
1663911
1664495
1667950
1668000
1668125
1671065
1673187
1673796
1674300
1675988
1676540
1676774
1677860
1680191
1682904
1685807
1686464
1688454
1689999
1693934
1694895
1695674
1696946
1699861
1700547
1701233
1702140
1703460
1704012
1705734
1707097
1710296
1715285
1720276
1721287
1721385
1721905
1748888
1753398
1754843
1755222
1772843
1776671
1776846
1791797
1823167
1993583